# Connected undirected graph with 2048 nodes. Nodes are labeled 1 through 2048.
1 2
1 3
1 5
1 9
1 17
2 3
3 4
3 5
4 5
5 6
5 7
5 9
6 7
7 8
7 9
8 9
9 10
9 11
9 13
9 17
9 1432
10 11
11 12
11 13
12 13
13 14
13 15
13 17
13 248
14 15
14 769
15 16
15 17
16 17
17 18
17 19
17 21
17 25
17 33
18 19
19 20
19 21
20 21
21 22
21 23
21 25
21 860
22 23
23 24
23 25
24 25
25 26
25 27
25 29
25 33
26 27
27 28
27 29
28 29
29 30
29 31
29 33
30 31
31 32
31 33
31 724
32 33
33 34
33 35
33 37
33 41
33 49
34 35
34 772
35 36
35 37
36 37
37 38
37 39
37 41
38 39
39 40
39 41
40 41
41 42
41 43
41 45
41 49
42 43
43 44
43 45
44 45
45 46
45 47
45 49
46 47
47 48
47 49
48 49
49 50
49 51
49 53
49 57
49 65
50 51
51 52
51 53
52 53
53 54
53 55
53 57
53 1413
54 55
55 56
55 57
56 57
56 891
57 58
57 59
57 61
57 65
58 59
59 60
59 61
60 61
61 62
61 63
61 65
62 63
63 64
63 65
63 472
63 597
64 65
65 66
65 67
65 69
65 73
65 81
66 67
67 68
67 69
68 69
69 70
69 71
69 73
70 71
71 72
71 73
72 73
73 74
73 75
73 77
73 81
74 75
75 76
75 77
76 77
77 78
77 79
77 81
78 79
79 80
79 81
80 81
81 82
81 83
81 85
81 89
81 97
82 83
83 84
83 85
83 1248
84 85
84 93
85 86
85 87
85 89
85 491
86 87
87 88
87 89
88 89
89 90
89 91
89 93
89 97
90 91
91 92
91 93
92 93
93 94
93 95
93 97
94 95
95 96
95 97
95 2015
96 97
97 98
97 99
97 101
97 105
97 113
98 99
99 100
99 101
100 101
101 102
101 103
101 105
102 103
103 104
103 105
104 105
105 106
105 107
105 109
105 113
106 107
107 108
107 109
108 109
109 110
109 111
109 113
110 111
111 112
111 113
112 113
113 114
113 115
113 117
113 121
113 129
114 115
115 116
115 117
116 117
117 118
117 119
117 121
118 119
118 1323
119 120
119 121
120 121
121 122
121 123
121 125
121 129
122 123
123 124
123 125
123 1147
124 125
125 126
125 127
125 129
126 127
127 128
127 129
128 129
129 130
129 131
129 133
129 137
129 145
130 131
131 132
131 133
132 133
133 134
133 135
133 137
134 135
134 918
135 136
135 137
136 137
136 962
137 138
137 139
137 141
137 145
138 139
139 140
139 141
140 141
141 142
141 143
141 145
141 532
142 143
143 144
143 145
143 1548
144 145
145 146
145 147
145 149
145 153
145 161
146 147
147 148
147 149
148 149
149 150
149 151
149 153
150 151
151 152
151 153
152 153
153 154
153 155
153 157
153 161
154 155
154 854
155 156
155 157
156 157
157 158
157 159
157 161
158 159
159 160
159 161
160 161
161 162
161 163
161 165
161 169
161 177
162 163
163 164
163 165
164 165
165 166
165 167
165 169
166 167
167 168
167 169
168 169
169 170
169 171
169 173
169 177
170 171
171 172
171 173
172 173
173 174
173 175
173 177
174 175
175 176
175 177
176 177
177 178
177 179
177 181
177 185
177 193
178 179
178 1693
179 180
179 181
180 181
181 182
181 183
181 185
182 183
183 184
183 185
184 185
185 186
185 187
185 189
185 193
186 187
187 188
187 189
188 189
189 190
189 191
189 193
190 191
191 192
191 193
192 193
193 194
193 195
193 197
193 201
193 209
194 195
195 196
195 197
196 197
197 198
197 199
197 201
198 199
198 1044
199 200
199 201
200 201
201 202
201 203
201 205
201 209
202 203
203 204
203 205
204 205
205 206
205 207
205 209
206 207
207 208
207 209
208 209
209 210
209 211
209 213
209 217
209 225
210 211
211 212
211 213
212 213
213 214
213 215
213 217
214 215
215 216
215 217
216 217
217 218
217 219
217 221
217 225
218 219
218 1597
219 220
219 221
220 221
221 222
221 223
221 225
222 223
223 224
223 225
224 225
225 226
225 227
225 229
225 233
225 241
226 227
227 228
227 229
227 384
228 229
229 230
229 231
229 233
229 266
230 231
230 1335
231 232
231 233
232 233
233 234
233 235
233 237
233 241
233 1295
234 235
235 236
235 237
236 237
237 238
237 239
237 241
238 239
239 240
239 241
240 241
241 242
241 243
241 245
241 249
241 257
242 243
243 244
243 245
244 245
245 246
245 247
245 249
246 247
247 248
247 249
248 249
249 250
249 251
249 253
249 257
250 251
251 252
251 253
251 997
252 253
253 254
253 255
253 257
254 255
255 256
255 257
256 257
257 258
257 259
257 261
257 265
257 273
258 259
259 260
259 261
260 261
261 262
261 263
261 265
262 263
263 264
263 265
264 265
265 266
265 267
265 269
265 273
266 267
266 269
267 268
267 269
268 269
269 270
269 271
269 273
270 271
270 1720
271 272
271 273
272 273
273 274
273 275
273 277
273 281
273 289
273 554
273 775
274 275
275 276
275 277
276 277
276 633
276 1747
277 278
277 279
277 281
277 398
278 279
279 280
279 281
280 281
281 282
281 283
281 285
281 289
282 283
283 284
283 285
284 285
285 286
285 287
285 289
286 287
286 1235
287 288
287 289
288 289
289 290
289 291
289 293
289 297
289 305
290 291
291 292
291 293
292 293
293 294
293 295
293 297
294 295
295 296
295 297
296 297
297 298
297 299
297 301
297 305
298 299
299 300
299 301
300 301
301 302
301 303
301 305
302 303
303 304
303 305
304 305
305 306
305 307
305 309
305 313
305 321
306 307
307 308
307 309
308 309
309 310
309 311
309 313
310 311
311 312
311 313
312 313
313 314
313 315
313 317
313 321
314 315
315 316
315 317
316 317
317 318
317 319
317 321
318 319
318 1245
319 320
319 321
320 321
321 322
321 323
321 325
321 329
321 337
322 323
323 324
323 325
324 325
325 326
325 327
325 329
326 327
327 328
327 329
328 329
329 330
329 331
329 333
329 337
330 331
331 332
331 333
332 333
333 334
333 335
333 337
334 335
335 336
335 337
336 337
336 1001
337 338
337 339
337 341
337 345
337 353
337 596
338 339
339 340
339 341
340 341
341 342
341 343
341 345
342 343
343 344
343 345
344 345
344 1867
345 346
345 347
345 349
345 353
346 347
347 348
347 349
348 349
349 350
349 351
349 353
350 351
351 352
351 353
352 353
353 354
353 355
353 357
353 361
353 369
354 355
355 356
355 357
356 357
357 358
357 359
357 361
357 1277
358 359
359 360
359 361
360 361
361 362
361 363
361 365
361 369
362 363
363 364
363 365
364 365
365 366
365 367
365 369
365 698
366 367
367 368
367 369
368 369
369 370
369 371
369 373
369 377
369 385
370 371
371 372
371 373
372 373
373 374
373 375
373 377
374 375
375 376
375 377
376 377
377 378
377 379
377 381
377 385
378 379
379 380
379 381
380 381
381 382
381 383
381 385
382 383
383 384
383 385
384 385
385 386
385 387
385 389
385 393
385 401
386 387
387 388
387 389
388 389
389 390
389 391
389 393
390 391
391 392
391 393
392 393
393 394
393 395
393 397
393 401
394 395
395 396
395 397
396 397
397 398
397 399
397 401
398 399
399 400
399 401
399 1048
400 401
401 402
401 403
401 405
401 409
401 417
402 403
403 404
403 405
404 405
405 406
405 407
405 409
406 407
407 408
407 409
408 409
409 410
409 411
409 413
409 417
410 411
411 412
411 413
412 413
413 414
413 415
413 417
414 415
415 416
415 417
416 417
417 418
417 419
417 421
417 425
417 433
418 419
419 420
419 421
420 421
421 422
421 423
421 425
422 423
423 424
423 425
424 425
425 426
425 427
425 429
425 433
426 427
427 428
427 429
428 429
429 430
429 431
429 433
430 431
431 432
431 433
432 433
433 434
433 435
433 437
433 441
433 449
434 435
435 436
435 437
436 437
436 1644
437 438
437 439
437 441
438 439
439 440
439 441
439 1504
440 441
441 442
441 443
441 445
441 449
442 443
443 444
443 445
444 445
445 446
445 447
445 449
446 447
447 448
447 449
448 449
449 450
449 451
449 453
449 457
449 465
450 451
451 452
451 453
452 453
453 454
453 455
453 457
454 455
455 456
455 457
456 457
457 458
457 459
457 461
457 465
458 459
459 460
459 461
459 516
460 461
461 462
461 463
461 465
462 463
463 464
463 465
464 465
465 466
465 467
465 469
465 473
465 481
466 467
467 468
467 469
468 469
469 470
469 471
469 473
470 471
471 472
471 473
472 473
473 474
473 475
473 477
473 481
474 475
475 476
475 477
476 477
477 478
477 479
477 481
478 479
479 480
479 481
480 481
481 482
481 483
481 485
481 489
481 497
482 483
483 484
483 485
484 485
485 486
485 487
485 489
486 487
487 488
487 489
488 489
489 490
489 491
489 493
489 497
490 491
491 492
491 493
492 493
493 494
493 495
493 497
494 495
495 496
495 497
496 497
497 498
497 499
497 501
497 505
497 513
498 499
499 500
499 501
500 501
501 502
501 503
501 505
502 503
503 504
503 505
504 505
505 506
505 507
505 509
505 513
506 507
507 508
507 509
508 509
509 510
509 511
509 513
510 511
510 1883
511 512
511 513
511 609
512 513
513 514
513 515
513 517
513 521
513 529
514 515
515 516
515 517
516 517
517 518
517 519
517 521
518 519
519 520
519 521
520 521
521 522
521 523
521 525
521 529
522 523
523 524
523 525
524 525
525 526
525 527
525 529
526 527
527 528
527 529
528 529
529 530
529 531
529 533
529 537
529 545
530 531
531 532
531 533
532 533
533 534
533 535
533 537
534 535
535 536
535 537
535 892
536 537
537 538
537 539
537 541
537 545
538 539
539 540
539 541
540 541
541 542
541 543
541 545
542 543
543 544
543 545
544 545
545 546
545 547
545 549
545 553
545 561
546 547
547 548
547 549
548 549
548 1852
549 550
549 551
549 553
550 551
551 552
551 553
552 553
552 1447
553 554
553 555
553 557
553 561
554 555
555 556
555 557
556 557
557 558
557 559
557 561
558 559
559 560
559 561
560 561
560 666
561 562
561 563
561 565
561 569
561 577
562 563
562 1399
563 564
563 565
564 565
565 566
565 567
565 569
566 567
567 568
567 569
568 569
569 570
569 571
569 573
569 577
570 571
571 572
571 573
572 573
573 574
573 575
573 577
574 575
575 576
575 577
576 577
577 578
577 579
577 581
577 585
577 593
578 579
579 580
579 581
580 581
581 582
581 583
581 585
582 583
582 690
583 584
583 585
584 585
585 586
585 587
585 589
585 593
586 587
587 588
587 589
588 589
589 590
589 591
589 593
590 591
591 592
591 593
592 593
593 594
593 595
593 597
593 601
593 609
594 595
594 606
595 596
595 597
596 597
597 598
597 599
597 601
598 599
599 600
599 601
600 601
601 602
601 603
601 605
601 609
601 1647
602 603
603 604
603 605
604 605
605 606
605 607
605 609
606 607
607 608
607 609
608 609
609 610
609 611
609 613
609 617
609 625
610 611
611 612
611 613
611 1935
612 613
613 614
613 615
613 617
614 615
615 616
615 617
616 617
617 618
617 619
617 621
617 625
618 619
618 1700
619 620
619 621
620 621
621 622
621 623
621 625
622 623
623 624
623 625
624 625
625 626
625 627
625 629
625 633
625 641
626 627
627 628
627 629
628 629
629 630
629 631
629 633
630 631
631 632
631 633
632 633
632 1402
633 634
633 635
633 637
633 641
634 635
635 636
635 637
636 637
637 638
637 639
637 641
637 1179
638 639
638 650
639 640
639 641
640 641
641 642
641 643
641 645
641 649
641 657
642 643
643 644
643 645
644 645
645 646
645 647
645 649
645 771
646 647
647 648
647 649
647 1128
648 649
649 650
649 651
649 653
649 657
650 651
651 652
651 653
652 653
653 654
653 655
653 657
654 655
655 656
655 657
655 1051
656 657
657 658
657 659
657 661
657 665
657 673
658 659
659 660
659 661
660 661
661 662
661 663
661 665
662 663
663 664
663 665
663 1982
664 665
665 666
665 667
665 669
665 673
666 667
667 668
667 669
668 669
669 670
669 671
669 673
670 671
671 672
671 673
672 673
673 674
673 675
673 677
673 681
673 689
674 675
675 676
675 677
676 677
677 678
677 679
677 681
678 679
678 1237
679 680
679 681
680 681
681 682
681 683
681 685
681 689
682 683
683 684
683 685
684 685
685 686
685 687
685 689
685 992
686 687
687 688
687 689
688 689
689 690
689 691
689 693
689 697
689 705
690 691
691 692
691 693
692 693
693 694
693 695
693 697
694 695
695 696
695 697
695 1943
696 697
697 698
697 699
697 701
697 705
698 699
699 700
699 701
700 701
700 1250
701 702
701 703
701 705
702 703
703 704
703 705
703 1181
704 705
705 706
705 707
705 709
705 713
705 721
706 707
707 708
707 709
708 709
709 710
709 711
709 713
710 711
711 712
711 713
711 1697
712 713
713 714
713 715
713 717
713 721
714 715
715 716
715 717
715 1723
716 717
717 718
717 719
717 721
718 719
719 720
719 721
720 721
721 722
721 723
721 725
721 729
721 737
722 723
722 1012
723 724
723 725
724 725
724 894
725 726
725 727
725 729
726 727
727 728
727 729
727 1201
728 729
729 730
729 731
729 733
729 737
730 731
731 732
731 733
732 733
733 734
733 735
733 737
734 735
734 1070
735 736
735 737
736 737
737 738
737 739
737 741
737 745
737 753
738 739
738 1611
739 740
739 741
740 741
741 742
741 743
741 745
742 743
743 744
743 745
744 745
745 746
745 747
745 749
745 753
745 1614
746 747
747 748
747 749
748 749
748 1448
749 750
749 751
749 753
750 751
751 752
751 753
752 753
753 754
753 755
753 757
753 761
753 769
754 755
755 756
755 757
756 757
757 758
757 759
757 761
758 759
759 760
759 761
760 761
761 762
761 763
761 765
761 769
762 763
763 764
763 765
764 765
765 766
765 767
765 769
766 767
767 768
767 769
768 769
769 770
769 771
769 773
769 777
769 785
770 771
771 772
771 773
772 773
773 774
773 775
773 777
774 775
775 776
775 777
776 777
777 778
777 779
777 781
777 785
778 779
778 1976
779 780
779 781
780 781
781 782
781 783
781 785
782 783
783 784
783 785
784 785
785 786
785 787
785 789
785 793
785 801
786 787
787 788
787 789
788 789
789 790
789 791
789 793
790 791
791 792
791 793
792 793
793 794
793 795
793 797
793 801
794 795
795 796
795 797
796 797
797 798
797 799
797 801
798 799
799 800
799 801
800 801
801 802
801 803
801 805
801 809
801 817
802 803
803 804
803 805
804 805
805 806
805 807
805 809
806 807
806 901
807 808
807 809
808 809
809 810
809 811
809 813
809 817
810 811
811 812
811 813
812 813
813 814
813 815
813 817
814 815
815 816
815 817
816 817
816 929
817 818
817 819
817 821
817 825
817 833
817 1163
818 819
819 820
819 821
820 821
821 822
821 823
821 825
822 823
823 824
823 825
824 825
825 826
825 827
825 829
825 833
826 827
826 1874
827 828
827 829
828 829
829 830
829 831
829 833
830 831
831 832
831 833
832 833
833 834
833 835
833 837
833 841
833 849
834 835
835 836
835 837
836 837
837 838
837 839
837 841
838 839
839 840
839 841
840 841
841 842
841 843
841 845
841 849
842 843
843 844
843 845
844 845
845 846
845 847
845 849
846 847
847 848
847 849
848 849
848 2000
849 850
849 851
849 853
849 857
849 865
850 851
850 2047
851 852
851 853
852 853
853 854
853 855
853 857
854 855
855 856
855 857
856 857
857 858
857 859
857 861
857 865
858 859
859 860
859 861
860 861
861 862
861 863
861 865
862 863
863 864
863 865
864 865
865 866
865 867
865 869
865 873
865 881
866 867
867 868
867 869
868 869
869 870
869 871
869 873
870 871
871 872
871 873
872 873
873 874
873 875
873 877
873 881
874 875
875 876
875 877
876 877
877 878
877 879
877 881
877 1618
878 879
879 880
879 881
880 881
881 882
881 883
881 885
881 889
881 897
882 883
883 884
883 885
884 885
885 886
885 887
885 889
886 887
887 888
887 889
888 889
889 890
889 891
889 893
889 897
890 891
891 892
891 893
892 893
893 894
893 895
893 897
894 895
895 896
895 897
896 897
897 898
897 899
897 901
897 905
897 913
898 899
899 900
899 901
900 901
901 902
901 903
901 905
902 903
903 904
903 905
904 905
905 906
905 907
905 909
905 913
905 1120
906 907
907 908
907 909
908 909
909 910
909 911
909 913
910 911
911 912
911 913
912 913
913 914
913 915
913 917
913 921
913 929
913 1666
914 915
915 916
915 917
916 917
917 918
917 919
917 921
918 919
919 920
919 921
920 921
921 922
921 923
921 925
921 929
922 923
923 924
923 925
924 925
924 1734
925 926
925 927
925 929
926 927
927 928
927 929
928 929
929 930
929 931
929 933
929 937
929 945
930 931
931 932
931 933
932 933
933 934
933 935
933 937
933 1155
934 935
935 936
935 937
936 937
937 938
937 939
937 941
937 945
938 939
939 940
939 941
940 941
941 942
941 943
941 945
942 943
943 944
943 945
944 945
945 946
945 947
945 949
945 953
945 961
945 1612
946 947
947 948
947 949
948 949
949 950
949 951
949 953
950 951
951 952
951 953
952 953
953 954
953 955
953 957
953 961
954 955
955 956
955 957
956 957
957 958
957 959
957 961
958 959
959 960
959 961
960 961
961 962
961 963
961 965
961 969
961 977
962 963
963 964
963 965
964 965
965 966
965 967
965 969
966 967
967 968
967 969
968 969
968 1344
969 970
969 971
969 973
969 977
970 971
971 972
971 973
972 973
973 974
973 975
973 977
974 975
975 976
975 977
976 977
977 978
977 979
977 981
977 985
977 993
978 979
979 980
979 981
980 981
981 982
981 983
981 985
981 1213
981 1305
982 983
983 984
983 985
984 985
985 986
985 987
985 989
985 993
986 987
987 988
987 989
988 989
989 990
989 991
989 993
990 991
991 992
991 993
992 993
993 994
993 995
993 997
993 1001
993 1009
994 995
995 996
995 997
996 997
997 998
997 999
997 1001
998 999
999 1000
999 1001
1000 1001
1001 1002
1001 1003
1001 1005
1001 1009
1002 1003
1003 1004
1003 1005
1004 1005
1005 1006
1005 1007
1005 1009
1006 1007
1007 1008
1007 1009
1008 1009
1009 1010
1009 1011
1009 1013
1009 1017
1009 1025
1010 1011
1011 1012
1011 1013
1012 1013
1013 1014
1013 1015
1013 1017
1014 1015
1015 1016
1015 1017
1016 1017
1017 1018
1017 1019
1017 1021
1017 1025
1018 1019
1019 1020
1019 1021
1020 1021
1021 1022
1021 1023
1021 1025
1022 1023
1023 1024
1023 1025
1023 1876
1024 1025
1025 1026
1025 1027
1025 1029
1025 1033
1025 1041
1026 1027
1027 1028
1027 1029
1028 1029
1029 1030
1029 1031
1029 1033
1030 1031
1031 1032
1031 1033
1032 1033
1033 1034
1033 1035
1033 1037
1033 1041
1034 1035
1035 1036
1035 1037
1036 1037
1037 1038
1037 1039
1037 1041
1038 1039
1039 1040
1039 1041
1040 1041
1041 1042
1041 1043
1041 1045
1041 1049
1041 1057
1042 1043
1043 1044
1043 1045
1044 1045
1045 1046
1045 1047
1045 1049
1046 1047
1047 1048
1047 1049
1048 1049
1049 1050
1049 1051
1049 1053
1049 1057
1050 1051
1051 1052
1051 1053
1052 1053
1053 1054
1053 1055
1053 1057
1054 1055
1055 1056
1055 1057
1056 1057
1057 1058
1057 1059
1057 1061
1057 1065
1057 1073
1058 1059
1059 1060
1059 1061
1060 1061
1061 1062
1061 1063
1061 1065
1062 1063
1063 1064
1063 1065
1064 1065
1065 1066
1065 1067
1065 1069
1065 1073
1066 1067
1067 1068
1067 1069
1068 1069
1069 1070
1069 1071
1069 1073
1070 1071
1071 1072
1071 1073
1072 1073
1073 1074
1073 1075
1073 1077
1073 1081
1073 1089
1074 1075
1075 1076
1075 1077
1076 1077
1077 1078
1077 1079
1077 1081
1078 1079
1079 1080
1079 1081
1080 1081
1081 1082
1081 1083
1081 1085
1081 1089
1082 1083
1083 1084
1083 1085
1084 1085
1084 1724
1085 1086
1085 1087
1085 1089
1086 1087
1087 1088
1087 1089
1088 1089
1089 1090
1089 1091
1089 1093
1089 1097
1089 1105
1090 1091
1091 1092
1091 1093
1092 1093
1093 1094
1093 1095
1093 1097
1094 1095
1095 1096
1095 1097
1096 1097
1097 1098
1097 1099
1097 1101
1097 1105
1098 1099
1099 1100
1099 1101
1100 1101
1101 1102
1101 1103
1101 1105
1102 1103
1103 1104
1103 1105
1104 1105
1105 1106
1105 1107
1105 1109
1105 1113
1105 1121
1106 1107
1107 1108
1107 1109
1108 1109
1109 1110
1109 1111
1109 1113
1110 1111
1111 1112
1111 1113
1112 1113
1113 1114
1113 1115
1113 1117
1113 1121
1113 1505
1114 1115
1115 1116
1115 1117
1116 1117
1117 1118
1117 1119
1117 1121
1118 1119
1119 1120
1119 1121
1120 1121
1121 1122
1121 1123
1121 1125
1121 1129
1121 1137
1122 1123
1123 1124
1123 1125
1124 1125
1125 1126
1125 1127
1125 1129
1126 1127
1127 1128
1127 1129
1128 1129
1129 1130
1129 1131
1129 1133
1129 1137
1130 1131
1131 1132
1131 1133
1132 1133
1133 1134
1133 1135
1133 1137
1134 1135
1135 1136
1135 1137
1136 1137
1137 1138
1137 1139
1137 1141
1137 1145
1137 1153
1138 1139
1139 1140
1139 1141
1140 1141
1141 1142
1141 1143
1141 1145
1142 1143
1143 1144
1143 1145
1144 1145
1145 1146
1145 1147
1145 1149
1145 1153
1146 1147
1146 1445
1147 1148
1147 1149
1148 1149
1149 1150
1149 1151
1149 1153
1150 1151
1150 1768
1151 1152
1151 1153
1152 1153
1153 1154
1153 1155
1153 1157
1153 1161
1153 1169
1154 1155
1155 1156
1155 1157
1156 1157
1157 1158
1157 1159
1157 1161
1158 1159
1159 1160
1159 1161
1160 1161
1161 1162
1161 1163
1161 1165
1161 1169
1162 1163
1163 1164
1163 1165
1164 1165
1165 1166
1165 1167
1165 1169
1166 1167
1167 1168
1167 1169
1168 1169
1169 1170
1169 1171
1169 1173
1169 1177
1169 1185
1170 1171
1171 1172
1171 1173
1172 1173
1173 1174
1173 1175
1173 1177
1174 1175
1175 1176
1175 1177
1176 1177
1177 1178
1177 1179
1177 1181
1177 1185
1178 1179
1179 1180
1179 1181
1180 1181
1181 1182
1181 1183
1181 1185
1182 1183
1183 1184
1183 1185
1184 1185
1185 1186
1185 1187
1185 1189
1185 1193
1185 1201
1186 1187
1187 1188
1187 1189
1188 1189
1189 1190
1189 1191
1189 1193
1190 1191
1191 1192
1191 1193
1192 1193
1193 1194
1193 1195
1193 1197
1193 1201
1194 1195
1195 1196
1195 1197
1196 1197
1197 1198
1197 1199
1197 1201
1198 1199
1199 1200
1199 1201
1200 1201
1201 1202
1201 1203
1201 1205
1201 1209
1201 1217
1202 1203
1203 1204
1203 1205
1204 1205
1205 1206
1205 1207
1205 1209
1206 1207
1207 1208
1207 1209
1208 1209
1209 1210
1209 1211
1209 1213
1209 1217
1210 1211
1211 1212
1211 1213
1212 1213
1213 1214
1213 1215
1213 1217
1214 1215
1215 1216
1215 1217
1216 1217
1217 1218
1217 1219
1217 1221
1217 1225
1217 1233
1218 1219
1219 1220
1219 1221
1220 1221
1221 1222
1221 1223
1221 1225
1222 1223
1223 1224
1223 1225
1224 1225
1225 1226
1225 1227
1225 1229
1225 1233
1226 1227
1227 1228
1227 1229
1228 1229
1229 1230
1229 1231
1229 1233
1230 1231
1231 1232
1231 1233
1232 1233
1233 1234
1233 1235
1233 1237
1233 1241
1233 1249
1234 1235
1235 1236
1235 1237
1236 1237
1237 1238
1237 1239
1237 1241
1238 1239
1239 1240
1239 1241
1240 1241
1241 1242
1241 1243
1241 1245
1241 1249
1242 1243
1243 1244
1243 1245
1244 1245
1245 1246
1245 1247
1245 1249
1246 1247
1247 1248
1247 1249
1248 1249
1249 1250
1249 1251
1249 1253
1249 1257
1249 1265
1250 1251
1251 1252
1251 1253
1252 1253
1252 1985
1253 1254
1253 1255
1253 1257
1254 1255
1255 1256
1255 1257
1256 1257
1257 1258
1257 1259
1257 1261
1257 1265
1257 1829
1258 1259
1259 1260
1259 1261
1260 1261
1261 1262
1261 1263
1261 1265
1262 1263
1263 1264
1263 1265
1264 1265
1265 1266
1265 1267
1265 1269
1265 1273
1265 1281
1266 1267
1267 1268
1267 1269
1268 1269
1269 1270
1269 1271
1269 1273
1270 1271
1271 1272
1271 1273
1272 1273
1273 1274
1273 1275
1273 1277
1273 1281
1274 1275
1275 1276
1275 1277
1276 1277
1276 1326
1277 1278
1277 1279
1277 1281
1278 1279
1279 1280
1279 1281
1280 1281
1281 1282
1281 1283
1281 1285
1281 1289
1281 1297
1282 1283
1283 1284
1283 1285
1284 1285
1285 1286
1285 1287
1285 1289
1286 1287
1287 1288
1287 1289
1288 1289
1289 1290
1289 1291
1289 1293
1289 1297
1290 1291
1291 1292
1291 1293
1292 1293
1293 1294
1293 1295
1293 1297
1294 1295
1295 1296
1295 1297
1296 1297
1297 1298
1297 1299
1297 1301
1297 1305
1297 1313
1298 1299
1299 1300
1299 1301
1300 1301
1301 1302
1301 1303
1301 1305
1301 1910
1302 1303
1303 1304
1303 1305
1304 1305
1305 1306
1305 1307
1305 1309
1305 1313
1306 1307
1307 1308
1307 1309
1308 1309
1309 1310
1309 1311
1309 1313
1310 1311
1311 1312
1311 1313
1311 1621
1312 1313
1313 1314
1313 1315
1313 1317
1313 1321
1313 1329
1314 1315
1315 1316
1315 1317
1316 1317
1317 1318
1317 1319
1317 1321
1318 1319
1319 1320
1319 1321
1320 1321
1321 1322
1321 1323
1321 1325
1321 1329
1322 1323
1323 1324
1323 1325
1323 1664
1324 1325
1325 1326
1325 1327
1325 1329
1326 1327
1327 1328
1327 1329
1328 1329
1329 1330
1329 1331
1329 1333
1329 1337
1329 1345
1330 1331
1331 1332
1331 1333
1332 1333
1333 1334
1333 1335
1333 1337
1334 1335
1335 1336
1335 1337
1336 1337
1337 1338
1337 1339
1337 1341
1337 1345
1338 1339
1339 1340
1339 1341
1340 1341
1341 1342
1341 1343
1341 1345
1342 1343
1343 1344
1343 1345
1344 1345
1345 1346
1345 1347
1345 1349
1345 1353
1345 1361
1346 1347
1347 1348
1347 1349
1348 1349
1349 1350
1349 1351
1349 1353
1350 1351
1351 1352
1351 1353
1352 1353
1353 1354
1353 1355
1353 1357
1353 1361
1354 1355
1355 1356
1355 1357
1356 1357
1357 1358
1357 1359
1357 1361
1358 1359
1359 1360
1359 1361
1360 1361
1361 1362
1361 1363
1361 1365
1361 1369
1361 1377
1362 1363
1362 1988
1363 1364
1363 1365
1364 1365
1365 1366
1365 1367
1365 1369
1366 1367
1367 1368
1367 1369
1368 1369
1369 1370
1369 1371
1369 1373
1369 1377
1370 1371
1371 1372
1371 1373
1372 1373
1373 1374
1373 1375
1373 1377
1374 1375
1375 1376
1375 1377
1376 1377
1377 1378
1377 1379
1377 1381
1377 1385
1377 1393
1378 1379
1379 1380
1379 1381
1380 1381
1381 1382
1381 1383
1381 1385
1382 1383
1383 1384
1383 1385
1384 1385
1385 1386
1385 1387
1385 1389
1385 1393
1386 1387
1387 1388
1387 1389
1388 1389
1389 1390
1389 1391
1389 1393
1390 1391
1391 1392
1391 1393
1391 1517
1391 1652
1392 1393
1393 1394
1393 1395
1393 1397
1393 1401
1393 1409
1394 1395
1395 1396
1395 1397
1396 1397
1397 1398
1397 1399
1397 1401
1398 1399
1399 1400
1399 1401
1400 1401
1401 1402
1401 1403
1401 1405
1401 1409
1402 1403
1403 1404
1403 1405
1403 1785
1404 1405
1405 1406
1405 1407
1405 1409
1406 1407
1407 1408
1407 1409
1408 1409
1409 1410
1409 1411
1409 1413
1409 1417
1409 1425
1410 1411
1411 1412
1411 1413
1412 1413
1413 1414
1413 1415
1413 1417
1414 1415
1415 1416
1415 1417
1416 1417
1417 1418
1417 1419
1417 1421
1417 1425
1418 1419
1419 1420
1419 1421
1420 1421
1421 1422
1421 1423
1421 1425
1422 1423
1423 1424
1423 1425
1423 2030
1424 1425
1425 1426
1425 1427
1425 1429
1425 1433
1425 1441
1426 1427
1427 1428
1427 1429
1428 1429
1429 1430
1429 1431
1429 1433
1430 1431
1430 1655
1430 1811
1431 1432
1431 1433
1432 1433
1433 1434
1433 1435
1433 1437
1433 1441
1434 1435
1435 1436
1435 1437
1436 1437
1437 1438
1437 1439
1437 1441
1438 1439
1439 1440
1439 1441
1440 1441
1440 1849
1441 1442
1441 1443
1441 1445
1441 1449
1441 1457
1442 1443
1443 1444
1443 1445
1444 1445
1445 1446
1445 1447
1445 1449
1446 1447
1446 1837
1447 1448
1447 1449
1448 1449
1449 1450
1449 1451
1449 1453
1449 1457
1450 1451
1451 1452
1451 1453
1452 1453
1453 1454
1453 1455
1453 1457
1454 1455
1455 1456
1455 1457
1456 1457
1457 1458
1457 1459
1457 1461
1457 1465
1457 1473
1458 1459
1459 1460
1459 1461
1460 1461
1461 1462
1461 1463
1461 1465
1462 1463
1463 1464
1463 1465
1464 1465
1465 1466
1465 1467
1465 1469
1465 1473
1466 1467
1466 1489
1467 1468
1467 1469
1467 1811
1468 1469
1469 1470
1469 1471
1469 1473
1470 1471
1471 1472
1471 1473
1472 1473
1473 1474
1473 1475
1473 1477
1473 1481
1473 1489
1473 1693
1474 1475
1475 1476
1475 1477
1476 1477
1477 1478
1477 1479
1477 1481
1478 1479
1479 1480
1479 1481
1480 1481
1481 1482
1481 1483
1481 1485
1481 1489
1482 1483
1483 1484
1483 1485
1484 1485
1485 1486
1485 1487
1485 1489
1486 1487
1487 1488
1487 1489
1488 1489
1489 1490
1489 1491
1489 1493
1489 1497
1489 1505
1490 1491
1491 1492
1491 1493
1492 1493
1493 1494
1493 1495
1493 1497
1494 1495
1495 1496
1495 1497
1496 1497
1497 1498
1497 1499
1497 1501
1497 1505
1498 1499
1499 1500
1499 1501
1500 1501
1501 1502
1501 1503
1501 1505
1502 1503
1503 1504
1503 1505
1504 1505
1505 1506
1505 1507
1505 1509
1505 1513
1505 1521
1506 1507
1507 1508
1507 1509
1508 1509
1509 1510
1509 1511
1509 1513
1510 1511
1511 1512
1511 1513
1512 1513
1513 1514
1513 1515
1513 1517
1513 1521
1514 1515
1515 1516
1515 1517
1516 1517
1517 1518
1517 1519
1517 1521
1518 1519
1519 1520
1519 1521
1520 1521
1521 1522
1521 1523
1521 1525
1521 1529
1521 1537
1522 1523
1523 1524
1523 1525
1524 1525
1525 1526
1525 1527
1525 1529
1526 1527
1527 1528
1527 1529
1528 1529
1529 1530
1529 1531
1529 1533
1529 1537
1530 1531
1531 1532
1531 1533
1532 1533
1533 1534
1533 1535
1533 1537
1534 1535
1535 1536
1535 1537
1536 1537
1537 1538
1537 1539
1537 1541
1537 1545
1537 1553
1538 1539
1539 1540
1539 1541
1540 1541
1541 1542
1541 1543
1541 1545
1542 1543
1543 1544
1543 1545
1544 1545
1545 1546
1545 1547
1545 1549
1545 1553
1546 1547
1547 1548
1547 1549
1548 1549
1549 1550
1549 1551
1549 1553
1550 1551
1551 1552
1551 1553
1552 1553
1553 1554
1553 1555
1553 1557
1553 1561
1553 1569
1554 1555
1555 1556
1555 1557
1556 1557
1557 1558
1557 1559
1557 1561
1558 1559
1559 1560
1559 1561
1560 1561
1561 1562
1561 1563
1561 1565
1561 1569
1562 1563
1562 1954
1563 1564
1563 1565
1564 1565
1565 1566
1565 1567
1565 1569
1566 1567
1567 1568
1567 1569
1568 1569
1569 1570
1569 1571
1569 1573
1569 1577
1569 1585
1570 1571
1570 2031
1571 1572
1571 1573
1572 1573
1572 1732
1573 1574
1573 1575
1573 1577
1574 1575
1574 2046
1575 1576
1575 1577
1576 1577
1577 1578
1577 1579
1577 1581
1577 1585
1578 1579
1579 1580
1579 1581
1580 1581
1581 1582
1581 1583
1581 1585
1582 1583
1583 1584
1583 1585
1584 1585
1585 1586
1585 1587
1585 1589
1585 1593
1585 1601
1586 1587
1587 1588
1587 1589
1588 1589
1589 1590
1589 1591
1589 1593
1590 1591
1591 1592
1591 1593
1591 1780
1592 1593
1593 1594
1593 1595
1593 1597
1593 1601
1594 1595
1595 1596
1595 1597
1596 1597
1597 1598
1597 1599
1597 1601
1597 1656
1598 1599
1599 1600
1599 1601
1600 1601
1601 1602
1601 1603
1601 1605
1601 1609
1601 1617
1602 1603
1603 1604
1603 1605
1604 1605
1605 1606
1605 1607
1605 1609
1606 1607
1607 1608
1607 1609
1608 1609
1609 1610
1609 1611
1609 1613
1609 1617
1610 1611
1611 1612
1611 1613
1612 1613
1613 1614
1613 1615
1613 1617
1614 1615
1615 1616
1615 1617
1616 1617
1616 1944
1617 1618
1617 1619
1617 1621
1617 1625
1617 1633
1618 1619
1619 1620
1619 1621
1620 1621
1621 1622
1621 1623
1621 1625
1622 1623
1623 1624
1623 1625
1624 1625
1625 1626
1625 1627
1625 1629
1625 1633
1626 1627
1627 1628
1627 1629
1628 1629
1629 1630
1629 1631
1629 1633
1630 1631
1631 1632
1631 1633
1632 1633
1633 1634
1633 1635
1633 1637
1633 1641
1633 1649
1634 1635
1635 1636
1635 1637
1636 1637
1637 1638
1637 1639
1637 1641
1638 1639
1639 1640
1639 1641
1640 1641
1641 1642
1641 1643
1641 1645
1641 1649
1642 1643
1643 1644
1643 1645
1644 1645
1645 1646
1645 1647
1645 1649
1646 1647
1647 1648
1647 1649
1647 1758
1648 1649
1649 1650
1649 1651
1649 1653
1649 1657
1649 1665
1650 1651
1651 1652
1651 1653
1652 1653
1653 1654
1653 1655
1653 1657
1654 1655
1655 1656
1655 1657
1656 1657
1657 1658
1657 1659
1657 1661
1657 1665
1658 1659
1659 1660
1659 1661
1660 1661
1661 1662
1661 1663
1661 1665
1662 1663
1663 1664
1663 1665
1664 1665
1665 1666
1665 1667
1665 1669
1665 1673
1665 1681
1666 1667
1667 1668
1667 1669
1668 1669
1669 1670
1669 1671
1669 1673
1670 1671
1671 1672
1671 1673
1672 1673
1672 1679
1673 1674
1673 1675
1673 1677
1673 1681
1674 1675
1675 1676
1675 1677
1676 1677
1677 1678
1677 1679
1677 1681
1678 1679
1679 1680
1679 1681
1680 1681
1681 1682
1681 1683
1681 1685
1681 1689
1681 1697
1682 1683
1683 1684
1683 1685
1684 1685
1685 1686
1685 1687
1685 1689
1685 1876
1686 1687
1687 1688
1687 1689
1688 1689
1689 1690
1689 1691
1689 1693
1689 1697
1690 1691
1691 1692
1691 1693
1692 1693
1693 1694
1693 1695
1693 1697
1694 1695
1695 1696
1695 1697
1696 1697
1697 1698
1697 1699
1697 1701
1697 1705
1697 1713
1698 1699
1699 1700
1699 1701
1700 1701
1701 1702
1701 1703
1701 1705
1702 1703
1703 1704
1703 1705
1704 1705
1705 1706
1705 1707
1705 1709
1705 1713
1706 1707
1707 1708
1707 1709
1708 1709
1709 1710
1709 1711
1709 1713
1710 1711
1711 1712
1711 1713
1712 1713
1713 1714
1713 1715
1713 1717
1713 1721
1713 1729
1714 1715
1715 1716
1715 1717
1716 1717
1717 1718
1717 1719
1717 1721
1718 1719
1719 1720
1719 1721
1720 1721
1721 1722
1721 1723
1721 1725
1721 1729
1722 1723
1723 1724
1723 1725
1724 1725
1725 1726
1725 1727
1725 1729
1726 1727
1727 1728
1727 1729
1728 1729
1729 1730
1729 1731
1729 1733
1729 1737
1729 1745
1730 1731
1731 1732
1731 1733
1732 1733
1733 1734
1733 1735
1733 1737
1734 1735
1735 1736
1735 1737
1736 1737
1737 1738
1737 1739
1737 1741
1737 1745
1738 1739
1739 1740
1739 1741
1740 1741
1741 1742
1741 1743
1741 1745
1742 1743
1743 1744
1743 1745
1744 1745
1745 1746
1745 1747
1745 1749
1745 1753
1745 1761
1746 1747
1747 1748
1747 1749
1748 1749
1749 1750
1749 1751
1749 1753
1750 1751
1751 1752
1751 1753
1752 1753
1753 1754
1753 1755
1753 1757
1753 1761
1754 1755
1755 1756
1755 1757
1756 1757
1757 1758
1757 1759
1757 1761
1758 1759
1759 1760
1759 1761
1760 1761
1761 1762
1761 1763
1761 1765
1761 1769
1761 1777
1762 1763
1763 1764
1763 1765
1764 1765
1765 1766
1765 1767
1765 1769
1766 1767
1767 1768
1767 1769
1768 1769
1769 1770
1769 1771
1769 1773
1769 1777
1770 1771
1771 1772
1771 1773
1772 1773
1773 1774
1773 1775
1773 1777
1774 1775
1774 1806
1775 1776
1775 1777
1776 1777
1777 1778
1777 1779
1777 1781
1777 1785
1777 1793
1778 1779
1778 1898
1779 1780
1779 1781
1780 1781
1781 1782
1781 1783
1781 1785
1782 1783
1783 1784
1783 1785
1784 1785
1785 1786
1785 1787
1785 1789
1785 1793
1786 1787
1787 1788
1787 1789
1788 1789
1789 1790
1789 1791
1789 1793
1790 1791
1791 1792
1791 1793
1792 1793
1793 1794
1793 1795
1793 1797
1793 1801
1793 1809
1794 1795
1795 1796
1795 1797
1796 1797
1797 1798
1797 1799
1797 1801
1798 1799
1799 1800
1799 1801
1800 1801
1801 1802
1801 1803
1801 1805
1801 1809
1802 1803
1803 1804
1803 1805
1804 1805
1805 1806
1805 1807
1805 1809
1806 1807
1807 1808
1807 1809
1808 1809
1809 1810
1809 1811
1809 1813
1809 1817
1809 1825
1810 1811
1811 1812
1811 1813
1812 1813
1813 1814
1813 1815
1813 1817
1814 1815
1815 1816
1815 1817
1816 1817
1817 1818
1817 1819
1817 1821
1817 1825
1818 1819
1819 1820
1819 1821
1820 1821
1821 1822
1821 1823
1821 1825
1822 1823
1823 1824
1823 1825
1824 1825
1825 1826
1825 1827
1825 1829
1825 1833
1825 1841
1826 1827
1827 1828
1827 1829
1828 1829
1829 1830
1829 1831
1829 1833
1830 1831
1831 1832
1831 1833
1832 1833
1833 1834
1833 1835
1833 1837
1833 1841
1834 1835
1835 1836
1835 1837
1836 1837
1837 1838
1837 1839
1837 1841
1838 1839
1839 1840
1839 1841
1840 1841
1841 1842
1841 1843
1841 1845
1841 1849
1841 1857
1842 1843
1843 1844
1843 1845
1844 1845
1845 1846
1845 1847
1845 1849
1846 1847
1847 1848
1847 1849
1848 1849
1849 1850
1849 1851
1849 1853
1849 1857
1850 1851
1851 1852
1851 1853
1852 1853
1853 1854
1853 1855
1853 1857
1854 1855
1855 1856
1855 1857
1856 1857
1857 1858
1857 1859
1857 1861
1857 1865
1857 1873
1858 1859
1859 1860
1859 1861
1860 1861
1861 1862
1861 1863
1861 1865
1862 1863
1863 1864
1863 1865
1864 1865
1865 1866
1865 1867
1865 1869
1865 1873
1866 1867
1867 1868
1867 1869
1868 1869
1869 1870
1869 1871
1869 1873
1870 1871
1871 1872
1871 1873
1872 1873
1873 1874
1873 1875
1873 1877
1873 1881
1873 1889
1874 1875
1875 1876
1875 1877
1876 1877
1877 1878
1877 1879
1877 1881
1878 1879
1879 1880
1879 1881
1880 1881
1881 1882
1881 1883
1881 1885
1881 1889
1882 1883
1883 1884
1883 1885
1884 1885
1885 1886
1885 1887
1885 1889
1886 1887
1887 1888
1887 1889
1888 1889
1889 1890
1889 1891
1889 1893
1889 1897
1889 1905
1890 1891
1891 1892
1891 1893
1891 2037
1892 1893
1893 1894
1893 1895
1893 1897
1894 1895
1895 1896
1895 1897
1896 1897
1897 1898
1897 1899
1897 1901
1897 1905
1898 1899
1899 1900
1899 1901
1900 1901
1901 1902
1901 1903
1901 1905
1902 1903
1903 1904
1903 1905
1904 1905
1905 1906
1905 1907
1905 1909
1905 1913
1905 1921
1906 1907
1907 1908
1907 1909
1908 1909
1909 1910
1909 1911
1909 1913
1910 1911
1911 1912
1911 1913
1912 1913
1913 1914
1913 1915
1913 1917
1913 1921
1914 1915
1915 1916
1915 1917
1916 1917
1917 1918
1917 1919
1917 1921
1918 1919
1919 1920
1919 1921
1920 1921
1921 1922
1921 1923
1921 1925
1921 1929
1921 1937
1922 1923
1923 1924
1923 1925
1924 1925
1925 1926
1925 1927
1925 1929
1926 1927
1927 1928
1927 1929
1928 1929
1929 1930
1929 1931
1929 1933
1929 1937
1930 1931
1931 1932
1931 1933
1932 1933
1933 1934
1933 1935
1933 1937
1934 1935
1935 1936
1935 1937
1936 1937
1937 1938
1937 1939
1937 1941
1937 1945
1937 1953
1938 1939
1939 1940
1939 1941
1940 1941
1941 1942
1941 1943
1941 1945
1942 1943
1943 1944
1943 1945
1944 1945
1945 1946
1945 1947
1945 1949
1945 1953
1946 1947
1947 1948
1947 1949
1948 1949
1949 1950
1949 1951
1949 1953
1950 1951
1951 1952
1951 1953
1952 1953
1953 1954
1953 1955
1953 1957
1953 1961
1953 1969
1954 1955
1955 1956
1955 1957
1956 1957
1957 1958
1957 1959
1957 1961
1958 1959
1959 1960
1959 1961
1960 1961
1961 1962
1961 1963
1961 1965
1961 1969
1962 1963
1963 1964
1963 1965
1964 1965
1965 1966
1965 1967
1965 1969
1966 1967
1967 1968
1967 1969
1968 1969
1969 1970
1969 1971
1969 1973
1969 1977
1969 1985
1970 1971
1971 1972
1971 1973
1972 1973
1973 1974
1973 1975
1973 1977
1974 1975
1975 1976
1975 1977
1976 1977
1977 1978
1977 1979
1977 1981
1977 1985
1978 1979
1979 1980
1979 1981
1980 1981
1981 1982
1981 1983
1981 1985
1982 1983
1983 1984
1983 1985
1984 1985
1985 1986
1985 1987
1985 1989
1985 1993
1985 2001
1986 1987
1987 1988
1987 1989
1988 1989
1989 1990
1989 1991
1989 1993
1990 1991
1991 1992
1991 1993
1992 1993
1993 1994
1993 1995
1993 1997
1993 2001
1994 1995
1995 1996
1995 1997
1996 1997
1997 1998
1997 1999
1997 2001
1998 1999
1999 2000
1999 2001
2000 2001
2001 2002
2001 2003
2001 2005
2001 2009
2001 2017
2002 2003
2003 2004
2003 2005
2004 2005
2005 2006
2005 2007
2005 2009
2006 2007
2007 2008
2007 2009
2008 2009
2009 2010
2009 2011
2009 2013
2009 2017
2010 2011
2011 2012
2011 2013
2012 2013
2013 2014
2013 2015
2013 2017
2014 2015
2015 2016
2015 2017
2016 2017
2017 2018
2017 2019
2017 2021
2017 2025
2017 2033
2018 2019
2019 2020
2019 2021
2020 2021
2021 2022
2021 2023
2021 2025
2022 2023
2023 2024
2023 2025
2024 2025
2025 2026
2025 2027
2025 2029
2025 2033
2026 2027
2027 2028
2027 2029
2028 2029
2029 2030
2029 2031
2029 2033
2030 2031
2031 2032
2031 2033
2032 2033
2033 2034
2033 2035
2033 2037
2033 2041
2034 2035
2035 2036
2035 2037
2036 2037
2037 2038
2037 2039
2037 2041
2038 2039
2039 2040
2039 2041
2040 2041
2041 2042
2041 2043
2041 2045
2042 2043
2043 2044
2043 2045
2044 2045
2045 2046
2045 2047
2046 2047
2047 2048
