# Connected undirected graph with 1024 nodes. Nodes are labeled 1 through 1024.
1 2
1 3
1 5
1 9
1 17
2 3
3 4
3 5
4 5
5 6
5 7
5 9
6 7
7 8
7 9
7 327
8 9
9 10
9 11
9 13
9 17
10 11
11 12
11 13
12 13
13 14
13 15
13 17
14 15
15 16
15 17
16 17
17 18
17 19
17 21
17 25
17 33
18 19
19 20
19 21
20 21
21 22
21 23
21 25
22 23
23 24
23 25
24 25
25 26
25 27
25 29
25 33
26 27
27 28
27 29
28 29
28 867
29 30
29 31
29 33
30 31
31 32
31 33
32 33
33 34
33 35
33 37
33 41
33 49
34 35
35 36
35 37
36 37
37 38
37 39
37 41
38 39
39 40
39 41
40 41
41 42
41 43
41 45
41 49
42 43
43 44
43 45
44 45
45 46
45 47
45 49
46 47
47 48
47 49
48 49
48 977
49 50
49 51
49 53
49 57
49 65
50 51
51 52
51 53
51 941
52 53
53 54
53 55
53 57
54 55
54 796
55 56
55 57
56 57
57 58
57 59
57 61
57 65
57 368
58 59
59 60
59 61
60 61
61 62
61 63
61 65
62 63
63 64
63 65
64 65
65 66
65 67
65 69
65 73
65 81
66 67
67 68
67 69
68 69
69 70
69 71
69 73
70 71
71 72
71 73
72 73
73 74
73 75
73 77
73 81
74 75
75 76
75 77
76 77
77 78
77 79
77 81
78 79
79 80
79 81
80 81
81 82
81 83
81 85
81 89
81 97
82 83
82 550
83 84
83 85
84 85
85 86
85 87
85 89
86 87
87 88
87 89
88 89
88 368
89 90
89 91
89 93
89 97
90 91
91 92
91 93
92 93
93 94
93 95
93 97
93 107
94 95
94 506
95 96
95 97
95 882
96 97
97 98
97 99
97 101
97 105
97 113
98 99
99 100
99 101
100 101
100 692
101 102
101 103
101 105
102 103
103 104
103 105
104 105
104 988
105 106
105 107
105 109
105 113
106 107
107 108
107 109
108 109
109 110
109 111
109 113
110 111
111 112
111 113
112 113
113 114
113 115
113 117
113 121
113 129
114 115
115 116
115 117
116 117
117 118
117 119
117 121
118 119
119 120
119 121
120 121
121 122
121 123
121 125
121 129
122 123
123 124
123 125
124 125
125 126
125 127
125 129
126 127
127 128
127 129
128 129
129 130
129 131
129 133
129 137
129 145
130 131
131 132
131 133
132 133
133 134
133 135
133 137
134 135
135 136
135 137
136 137
137 138
137 139
137 141
137 145
138 139
139 140
139 141
140 141
141 142
141 143
141 145
142 143
143 144
143 145
144 145
145 146
145 147
145 149
145 153
145 161
146 147
147 148
147 149
147 324
148 149
149 150
149 151
149 153
150 151
151 152
151 153
151 536
152 153
153 154
153 155
153 157
153 161
154 155
155 156
155 157
156 157
157 158
157 159
157 161
158 159
159 160
159 161
160 161
161 162
161 163
161 165
161 169
161 177
161 920
162 163
163 164
163 165
164 165
165 166
165 167
165 169
166 167
167 168
167 169
168 169
168 837
169 170
169 171
169 173
169 177
170 171
171 172
171 173
172 173
173 174
173 175
173 177
174 175
175 176
175 177
175 726
176 177
177 178
177 179
177 181
177 185
177 193
177 206
177 339
178 179
179 180
179 181
180 181
181 182
181 183
181 185
182 183
183 184
183 185
184 185
185 186
185 187
185 189
185 193
186 187
186 758
187 188
187 189
188 189
189 190
189 191
189 193
190 191
190 834
191 192
191 193
192 193
193 194
193 195
193 197
193 201
193 209
194 195
195 196
195 197
196 197
197 198
197 199
197 201
198 199
199 200
199 201
200 201
200 449
201 202
201 203
201 205
201 209
202 203
203 204
203 205
204 205
205 206
205 207
205 209
206 207
207 208
207 209
208 209
209 210
209 211
209 213
209 217
209 225
210 211
211 212
211 213
212 213
213 214
213 215
213 217
214 215
215 216
215 217
216 217
217 218
217 219
217 221
217 225
217 737
218 219
219 220
219 221
220 221
221 222
221 223
221 225
222 223
223 224
223 225
224 225
225 226
225 227
225 229
225 233
225 241
226 227
227 228
227 229
228 229
229 230
229 231
229 233
230 231
231 232
231 233
232 233
232 454
233 234
233 235
233 237
233 241
234 235
235 236
235 237
236 237
237 238
237 239
237 241
238 239
239 240
239 241
240 241
241 242
241 243
241 245
241 249
241 257
242 243
243 244
243 245
243 513
244 245
245 246
245 247
245 249
246 247
247 248
247 249
248 249
249 250
249 251
249 253
249 257
250 251
251 252
251 253
252 253
253 254
253 255
253 257
254 255
255 256
255 257
256 257
257 258
257 259
257 261
257 265
257 273
258 259
259 260
259 261
260 261
261 262
261 263
261 265
262 263
263 264
263 265
264 265
265 266
265 267
265 269
265 273
266 267
267 268
267 269
268 269
269 270
269 271
269 273
269 809
270 271
271 272
271 273
272 273
273 274
273 275
273 277
273 281
273 289
274 275
275 276
275 277
276 277
277 278
277 279
277 281
277 590
278 279
279 280
279 281
280 281
281 282
281 283
281 285
281 289
282 283
282 669
282 734
283 284
283 285
284 285
285 286
285 287
285 289
286 287
287 288
287 289
287 746
288 289
289 290
289 291
289 293
289 297
289 305
289 931
290 291
291 292
291 293
292 293
293 294
293 295
293 297
293 658
294 295
295 296
295 297
296 297
297 298
297 299
297 301
297 305
297 847
298 299
298 677
299 300
299 301
299 482
300 301
301 302
301 303
301 305
302 303
303 304
303 305
303 347
303 604
304 305
305 306
305 307
305 309
305 313
305 321
306 307
307 308
307 309
308 309
309 310
309 311
309 313
310 311
311 312
311 313
312 313
313 314
313 315
313 317
313 321
314 315
315 316
315 317
316 317
317 318
317 319
317 321
318 319
319 320
319 321
320 321
321 322
321 323
321 325
321 329
321 337
322 323
323 324
323 325
324 325
325 326
325 327
325 329
326 327
327 328
327 329
328 329
329 330
329 331
329 333
329 337
330 331
331 332
331 333
332 333
333 334
333 335
333 337
333 961
334 335
335 336
335 337
336 337
337 338
337 339
337 341
337 345
337 353
338 339
339 340
339 341
340 341
341 342
341 343
341 345
342 343
343 344
343 345
344 345
345 346
345 347
345 349
345 353
346 347
347 348
347 349
348 349
349 350
349 351
349 353
350 351
351 352
351 353
352 353
353 354
353 355
353 357
353 361
353 369
354 355
355 356
355 357
356 357
357 358
357 359
357 361
358 359
359 360
359 361
360 361
361 362
361 363
361 365
361 369
362 363
363 364
363 365
364 365
365 366
365 367
365 369
366 367
366 499
367 368
367 369
368 369
368 761
369 370
369 371
369 373
369 377
369 385
370 371
371 372
371 373
372 373
373 374
373 375
373 377
374 375
375 376
375 377
376 377
376 980
377 378
377 379
377 381
377 385
378 379
379 380
379 381
380 381
381 382
381 383
381 385
382 383
383 384
383 385
383 450
384 385
385 386
385 387
385 389
385 393
385 401
386 387
387 388
387 389
388 389
389 390
389 391
389 393
390 391
391 392
391 393
392 393
393 394
393 395
393 397
393 401
394 395
395 396
395 397
396 397
397 398
397 399
397 401
398 399
399 400
399 401
400 401
401 402
401 403
401 405
401 409
401 417
402 403
403 404
403 405
403 964
404 405
405 406
405 407
405 409
405 507
406 407
407 408
407 409
408 409
409 410
409 411
409 413
409 417
410 411
411 412
411 413
412 413
413 414
413 415
413 417
414 415
415 416
415 417
416 417
417 418
417 419
417 421
417 425
417 433
418 419
419 420
419 421
420 421
421 422
421 423
421 425
422 423
423 424
423 425
424 425
425 426
425 427
425 429
425 433
426 427
427 428
427 429
428 429
429 430
429 431
429 433
429 510
430 431
431 432
431 433
432 433
433 434
433 435
433 437
433 441
433 449
434 435
435 436
435 437
435 599
436 437
437 438
437 439
437 441
438 439
439 440
439 441
440 441
441 442
441 443
441 445
441 449
442 443
443 444
443 445
443 578
444 445
445 446
445 447
445 449
446 447
447 448
447 449
448 449
449 450
449 451
449 453
449 457
449 465
449 941
450 451
451 452
451 453
451 468
452 453
453 454
453 455
453 457
454 455
455 456
455 457
456 457
457 458
457 459
457 461
457 465
458 459
459 460
459 461
460 461
461 462
461 463
461 465
462 463
463 464
463 465
463 918
463 1005
464 465
465 466
465 467
465 469
465 473
465 481
466 467
467 468
467 469
468 469
469 470
469 471
469 473
470 471
471 472
471 473
471 928
472 473
473 474
473 475
473 477
473 481
474 475
475 476
475 477
476 477
477 478
477 479
477 481
478 479
479 480
479 481
480 481
481 482
481 483
481 485
481 489
481 497
482 483
483 484
483 485
484 485
485 486
485 487
485 489
486 487
487 488
487 489
488 489
489 490
489 491
489 493
489 497
490 491
491 492
491 493
492 493
492 890
493 494
493 495
493 497
494 495
495 496
495 497
496 497
497 498
497 499
497 501
497 505
497 513
498 499
499 500
499 501
500 501
501 502
501 503
501 505
502 503
503 504
503 505
504 505
505 506
505 507
505 509
505 513
506 507
507 508
507 509
508 509
509 510
509 511
509 513
510 511
511 512
511 513
512 513
513 514
513 515
513 517
513 521
513 529
513 833
514 515
515 516
515 517
516 517
517 518
517 519
517 521
518 519
519 520
519 521
520 521
521 522
521 523
521 525
521 529
522 523
523 524
523 525
524 525
525 526
525 527
525 529
526 527
527 528
527 529
528 529
529 530
529 531
529 533
529 537
529 545
530 531
531 532
531 533
532 533
533 534
533 535
533 537
534 535
535 536
535 537
536 537
537 538
537 539
537 541
537 545
538 539
539 540
539 541
540 541
541 542
541 543
541 545
542 543
543 544
543 545
544 545
545 546
545 547
545 549
545 553
545 561
546 547
547 548
547 549
548 549
548 1018
549 550
549 551
549 553
550 551
551 552
551 553
552 553
553 554
553 555
553 557
553 561
554 555
555 556
555 557
556 557
557 558
557 559
557 561
558 559
559 560
559 561
560 561
561 562
561 563
561 565
561 569
561 577
562 563
562 1002
563 564
563 565
564 565
565 566
565 567
565 569
566 567
567 568
567 569
568 569
569 570
569 571
569 573
569 577
570 571
571 572
571 573
572 573
573 574
573 575
573 577
574 575
575 576
575 577
576 577
577 578
577 579
577 581
577 585
577 593
578 579
579 580
579 581
580 581
581 582
581 583
581 585
581 597
582 583
583 584
583 585
583 780
584 585
585 586
585 587
585 589
585 593
586 587
587 588
587 589
588 589
589 590
589 591
589 593
590 591
591 592
591 593
592 593
593 594
593 595
593 597
593 601
593 609
594 595
595 596
595 597
596 597
597 598
597 599
597 601
597 666
598 599
599 600
599 601
600 601
601 602
601 603
601 605
601 609
602 603
603 604
603 605
604 605
605 606
605 607
605 609
606 607
607 608
607 609
608 609
609 610
609 611
609 613
609 617
609 625
610 611
611 612
611 613
612 613
613 614
613 615
613 617
614 615
615 616
615 617
616 617
617 618
617 619
617 621
617 625
618 619
619 620
619 621
620 621
621 622
621 623
621 625
622 623
623 624
623 625
624 625
625 626
625 627
625 629
625 633
625 641
626 627
627 628
627 629
628 629
629 630
629 631
629 633
630 631
631 632
631 633
632 633
633 634
633 635
633 637
633 641
634 635
635 636
635 637
636 637
637 638
637 639
637 641
638 639
639 640
639 641
640 641
641 642
641 643
641 645
641 649
641 657
642 643
643 644
643 645
644 645
645 646
645 647
645 649
646 647
647 648
647 649
647 811
648 649
649 650
649 651
649 653
649 657
650 651
651 652
651 653
652 653
652 877
653 654
653 655
653 657
654 655
655 656
655 657
656 657
657 658
657 659
657 661
657 665
657 673
658 659
659 660
659 661
660 661
661 662
661 663
661 665
662 663
663 664
663 665
664 665
665 666
665 667
665 669
665 673
666 667
667 668
667 669
668 669
669 670
669 671
669 673
670 671
671 672
671 673
672 673
673 674
673 675
673 677
673 681
673 689
674 675
675 676
675 677
676 677
677 678
677 679
677 681
678 679
679 680
679 681
680 681
681 682
681 683
681 685
681 689
682 683
683 684
683 685
684 685
685 686
685 687
685 689
685 857
686 687
687 688
687 689
688 689
689 690
689 691
689 693
689 697
689 705
690 691
691 692
691 693
692 693
693 694
693 695
693 697
694 695
695 696
695 697
696 697
697 698
697 699
697 701
697 705
698 699
699 700
699 701
700 701
701 702
701 703
701 705
702 703
702 857
703 704
703 705
704 705
705 706
705 707
705 709
705 713
705 721
706 707
707 708
707 709
708 709
709 710
709 711
709 713
710 711
711 712
711 713
712 713
713 714
713 715
713 717
713 721
714 715
715 716
715 717
716 717
717 718
717 719
717 721
718 719
719 720
719 721
720 721
721 722
721 723
721 725
721 729
721 737
722 723
723 724
723 725
724 725
725 726
725 727
725 729
726 727
726 784
727 728
727 729
728 729
729 730
729 731
729 733
729 737
730 731
731 732
731 733
732 733
733 734
733 735
733 737
734 735
734 810
735 736
735 737
736 737
737 738
737 739
737 741
737 745
737 753
738 739
739 740
739 741
740 741
741 742
741 743
741 745
742 743
743 744
743 745
744 745
745 746
745 747
745 749
745 753
746 747
747 748
747 749
748 749
749 750
749 751
749 753
750 751
751 752
751 753
752 753
753 754
753 755
753 757
753 761
753 769
754 755
755 756
755 757
756 757
757 758
757 759
757 761
758 759
759 760
759 761
760 761
761 762
761 763
761 765
761 769
762 763
763 764
763 765
764 765
765 766
765 767
765 769
766 767
767 768
767 769
768 769
769 770
769 771
769 773
769 777
769 785
770 771
771 772
771 773
772 773
773 774
773 775
773 777
774 775
775 776
775 777
776 777
777 778
777 779
777 781
777 785
778 779
779 780
779 781
780 781
781 782
781 783
781 785
782 783
783 784
783 785
784 785
785 786
785 787
785 789
785 793
785 801
786 787
787 788
787 789
788 789
789 790
789 791
789 793
790 791
791 792
791 793
792 793
793 794
793 795
793 797
793 801
794 795
794 831
795 796
795 797
796 797
797 798
797 799
797 801
798 799
799 800
799 801
800 801
801 802
801 803
801 805
801 809
801 817
802 803
803 804
803 805
804 805
805 806
805 807
805 809
806 807
807 808
807 809
808 809
809 810
809 811
809 813
809 817
810 811
811 812
811 813
812 813
813 814
813 815
813 817
814 815
815 816
815 817
816 817
817 818
817 819
817 821
817 825
817 833
818 819
819 820
819 821
820 821
821 822
821 823
821 825
822 823
823 824
823 825
824 825
825 826
825 827
825 829
825 833
826 827
827 828
827 829
828 829
829 830
829 831
829 833
830 831
831 832
831 833
832 833
833 834
833 835
833 837
833 841
833 849
834 835
835 836
835 837
836 837
837 838
837 839
837 841
838 839
839 840
839 841
840 841
841 842
841 843
841 845
841 849
842 843
843 844
843 845
844 845
845 846
845 847
845 849
846 847
847 848
847 849
848 849
849 850
849 851
849 853
849 857
849 865
850 851
851 852
851 853
852 853
853 854
853 855
853 857
854 855
855 856
855 857
856 857
857 858
857 859
857 861
857 865
858 859
859 860
859 861
860 861
861 862
861 863
861 865
862 863
863 864
863 865
864 865
865 866
865 867
865 869
865 873
865 881
866 867
867 868
867 869
868 869
869 870
869 871
869 873
870 871
871 872
871 873
872 873
873 874
873 875
873 877
873 881
874 875
875 876
875 877
876 877
877 878
877 879
877 881
878 879
879 880
879 881
880 881
881 882
881 883
881 885
881 889
881 897
882 883
883 884
883 885
884 885
885 886
885 887
885 889
886 887
887 888
887 889
888 889
889 890
889 891
889 893
889 897
890 891
891 892
891 893
892 893
893 894
893 895
893 897
894 895
895 896
895 897
896 897
897 898
897 899
897 901
897 905
897 913
898 899
899 900
899 901
900 901
901 902
901 903
901 905
902 903
903 904
903 905
904 905
905 906
905 907
905 909
905 913
906 907
907 908
907 909
908 909
909 910
909 911
909 913
910 911
911 912
911 913
912 913
913 914
913 915
913 917
913 921
913 929
914 915
915 916
915 917
916 917
917 918
917 919
917 921
918 919
919 920
919 921
920 921
921 922
921 923
921 925
921 929
922 923
923 924
923 925
924 925
925 926
925 927
925 929
926 927
927 928
927 929
928 929
929 930
929 931
929 933
929 937
929 945
930 931
931 932
931 933
932 933
933 934
933 935
933 937
934 935
935 936
935 937
936 937
937 938
937 939
937 941
937 945
938 939
939 940
939 941
940 941
941 942
941 943
941 945
941 988
942 943
943 944
943 945
944 945
945 946
945 947
945 949
945 953
945 961
946 947
947 948
947 949
948 949
949 950
949 951
949 953
950 951
951 952
951 953
952 953
953 954
953 955
953 957
953 961
954 955
955 956
955 957
956 957
957 958
957 959
957 961
958 959
959 960
959 961
960 961
961 962
961 963
961 965
961 969
961 977
962 963
963 964
963 965
964 965
965 966
965 967
965 969
966 967
967 968
967 969
968 969
969 970
969 971
969 973
969 977
970 971
971 972
971 973
972 973
973 974
973 975
973 977
974 975
975 976
975 977
976 977
977 978
977 979
977 981
977 985
977 993
978 979
979 980
979 981
980 981
981 982
981 983
981 985
982 983
983 984
983 985
984 985
985 986
985 987
985 989
985 993
986 987
987 988
987 989
988 989
989 990
989 991
989 993
990 991
991 992
991 993
992 993
993 994
993 995
993 997
993 1001
993 1009
994 995
995 996
995 997
996 997
997 998
997 999
997 1001
998 999
999 1000
999 1001
1000 1001
1001 1002
1001 1003
1001 1005
1001 1009
1002 1003
1003 1004
1003 1005
1004 1005
1005 1006
1005 1007
1005 1009
1006 1007
1007 1008
1007 1009
1008 1009
1009 1010
1009 1011
1009 1013
1009 1017
1010 1011
1011 1012
1011 1013
1012 1013
1013 1014
1013 1015
1013 1017
1014 1015
1015 1016
1015 1017
1016 1017
1017 1018
1017 1019
1017 1021
1018 1019
1019 1020
1019 1021
1020 1021
1021 1022
1021 1023
1022 1023
1023 1024
