# Connected undirected graph with 128 nodes. Nodes are labeled 1 through 128.
1 2
1 3
1 5
1 9
1 17
1 86
2 3
3 4
3 5
4 5
5 6
5 7
5 9
6 7
7 8
7 9
8 9
8 128
9 10
9 11
9 13
9 17
10 11
11 12
11 13
12 13
13 14
13 15
13 17
14 15
14 122
15 16
15 17
16 17
17 18
17 19
17 21
17 25
17 33
18 19
19 20
19 21
20 21
21 22
21 23
21 25
22 23
23 24
23 25
24 25
25 26
25 27
25 29
25 33
26 27
27 28
27 29
28 29
29 30
29 31
29 33
30 31
31 32
31 33
32 33
33 34
33 35
33 37
33 41
33 49
34 35
35 36
35 37
36 37
37 38
37 39
37 41
38 39
39 40
39 41
40 41
41 42
41 43
41 45
41 49
42 43
42 99
43 44
43 45
44 45
45 46
45 47
45 49
46 47
47 48
47 49
48 49
48 114
49 50
49 51
49 53
49 57
49 65
50 51
51 52
51 53
52 53
52 76
52 123
53 54
53 55
53 57
54 55
55 56
55 57
56 57
57 58
57 59
57 61
57 65
57 113
58 59
59 60
59 61
60 61
61 62
61 63
61 65
62 63
63 64
63 65
64 65
65 66
65 67
65 69
65 73
65 81
66 67
66 97
67 68
67 69
68 69
69 70
69 71
69 73
70 71
71 72
71 73
71 83
72 73
73 74
73 75
73 77
73 81
74 75
75 76
75 77
76 77
77 78
77 79
77 81
78 79
79 80
79 81
80 81
81 82
81 83
81 85
81 89
81 97
82 83
83 84
83 85
84 85
85 86
85 87
85 89
86 87
87 88
87 89
88 89
89 90
89 91
89 93
89 97
90 91
91 92
91 93
92 93
93 94
93 95
93 97
94 95
95 96
95 97
96 97
97 98
97 99
97 101
97 105
97 113
98 99
99 100
99 101
100 101
101 102
101 103
101 105
102 103
103 104
103 105
104 105
105 106
105 107
105 109
105 113
106 107
107 108
107 109
108 109
108 114
109 110
109 111
109 113
110 111
111 112
111 113
112 113
113 114
113 115
113 117
113 121
114 115
115 116
115 117
116 117
117 118
117 119
117 121
117 128
118 119
119 120
119 121
120 121
121 122
121 123
121 125
122 123
123 124
123 125
124 125
125 126
125 127
126 127
127 128
