# Connected undirected graph with 512 nodes. Nodes are labeled 1 through 512.
1 2
1 3
1 5
1 9
1 17
2 3
3 4
3 5
3 197
4 5
5 6
5 7
5 9
6 7
7 8
7 9
7 102
8 9
9 10
9 11
9 13
9 17
10 11
11 12
11 13
12 13
13 14
13 15
13 17
14 15
15 16
15 17
16 17
16 73
17 18
17 19
17 21
17 25
17 33
18 19
18 482
19 20
19 21
20 21
21 22
21 23
21 25
22 23
23 24
23 25
24 25
25 26
25 27
25 29
25 33
26 27
26 385
27 28
27 29
28 29
29 30
29 31
29 33
30 31
31 32
31 33
31 66
32 33
33 34
33 35
33 37
33 41
33 49
34 35
35 36
35 37
36 37
36 149
37 38
37 39
37 41
38 39
39 40
39 41
40 41
40 473
41 42
41 43
41 45
41 49
42 43
42 298
43 44
43 45
44 45
45 46
45 47
45 49
46 47
46 75
46 173
47 48
47 49
47 174
48 49
49 50
49 51
49 53
49 57
49 65
50 51
50 213
51 52
51 53
52 53
52 87
53 54
53 55
53 57
54 55
55 56
55 57
56 57
57 58
57 59
57 61
57 65
57 293
58 59
58 338
59 60
59 61
60 61
61 62
61 63
61 65
62 63
63 64
63 65
64 65
65 66
65 67
65 69
65 73
65 81
66 67
67 68
67 69
68 69
69 70
69 71
69 73
70 71
71 72
71 73
72 73
73 74
73 75
73 77
73 81
74 75
75 76
75 77
76 77
76 139
77 78
77 79
77 81
77 336
78 79
79 80
79 81
80 81
81 82
81 83
81 85
81 89
81 97
82 83
83 84
83 85
84 85
85 86
85 87
85 89
86 87
87 88
87 89
88 89
89 90
89 91
89 93
89 97
90 91
90 363
91 92
91 93
92 93
92 150
93 94
93 95
93 97
94 95
95 96
95 97
96 97
97 98
97 99
97 101
97 105
97 113
98 99
99 100
99 101
100 101
101 102
101 103
101 105
102 103
103 104
103 105
104 105
104 239
104 286
105 106
105 107
105 109
105 113
106 107
107 108
107 109
108 109
109 110
109 111
109 113
109 316
110 111
111 112
111 113
112 113
113 114
113 115
113 117
113 121
113 129
114 115
115 116
115 117
116 117
117 118
117 119
117 121
118 119
119 120
119 121
120 121
121 122
121 123
121 125
121 129
122 123
123 124
123 125
124 125
125 126
125 127
125 129
126 127
127 128
127 129
128 129
129 130
129 131
129 133
129 137
129 145
130 131
131 132
131 133
132 133
133 134
133 135
133 137
134 135
135 136
135 137
136 137
137 138
137 139
137 141
137 145
138 139
139 140
139 141
140 141
141 142
141 143
141 145
142 143
143 144
143 145
144 145
145 146
145 147
145 149
145 153
145 161
146 147
147 148
147 149
147 407
148 149
149 150
149 151
149 153
150 151
150 174
151 152
151 153
152 153
152 225
153 154
153 155
153 157
153 161
154 155
155 156
155 157
156 157
157 158
157 159
157 161
158 159
159 160
159 161
160 161
161 162
161 163
161 165
161 169
161 177
162 163
163 164
163 165
164 165
165 166
165 167
165 169
166 167
167 168
167 169
168 169
169 170
169 171
169 173
169 177
170 171
171 172
171 173
172 173
173 174
173 175
173 177
174 175
175 176
175 177
176 177
177 178
177 179
177 181
177 185
177 193
178 179
179 180
179 181
180 181
181 182
181 183
181 185
182 183
183 184
183 185
184 185
185 186
185 187
185 189
185 193
186 187
187 188
187 189
188 189
189 190
189 191
189 193
190 191
191 192
191 193
192 193
193 194
193 195
193 197
193 201
193 209
194 195
195 196
195 197
196 197
197 198
197 199
197 201
198 199
199 200
199 201
200 201
201 202
201 203
201 205
201 209
202 203
203 204
203 205
204 205
205 206
205 207
205 209
206 207
207 208
207 209
208 209
209 210
209 211
209 213
209 217
209 225
210 211
211 212
211 213
212 213
213 214
213 215
213 217
214 215
215 216
215 217
216 217
217 218
217 219
217 221
217 225
217 336
218 219
219 220
219 221
220 221
221 222
221 223
221 225
222 223
223 224
223 225
224 225
225 226
225 227
225 229
225 233
225 241
226 227
227 228
227 229
228 229
229 230
229 231
229 233
230 231
231 232
231 233
232 233
233 234
233 235
233 237
233 241
234 235
235 236
235 237
236 237
237 238
237 239
237 241
238 239
239 240
239 241
240 241
241 242
241 243
241 245
241 249
241 257
242 243
243 244
243 245
244 245
245 246
245 247
245 249
246 247
246 350
247 248
247 249
248 249
249 250
249 251
249 253
249 257
250 251
251 252
251 253
251 419
252 253
253 254
253 255
253 257
254 255
255 256
255 257
256 257
257 258
257 259
257 261
257 265
257 273
258 259
259 260
259 261
260 261
261 262
261 263
261 265
262 263
263 264
263 265
264 265
265 266
265 267
265 269
265 273
266 267
267 268
267 269
268 269
268 316
269 270
269 271
269 273
270 271
271 272
271 273
272 273
272 279
273 274
273 275
273 277
273 281
273 289
274 275
275 276
275 277
276 277
277 278
277 279
277 281
278 279
278 285
279 280
279 281
279 395
280 281
281 282
281 283
281 285
281 289
282 283
283 284
283 285
284 285
285 286
285 287
285 289
286 287
287 288
287 289
288 289
289 290
289 291
289 293
289 297
289 305
290 291
291 292
291 293
292 293
293 294
293 295
293 297
294 295
295 296
295 297
296 297
297 298
297 299
297 301
297 305
298 299
299 300
299 301
300 301
301 302
301 303
301 305
302 303
303 304
303 305
304 305
305 306
305 307
305 309
305 313
305 321
306 307
307 308
307 309
308 309
309 310
309 311
309 313
310 311
311 312
311 313
312 313
313 314
313 315
313 317
313 321
314 315
315 316
315 317
316 317
317 318
317 319
317 321
318 319
319 320
319 321
320 321
321 322
321 323
321 325
321 329
321 337
322 323
323 324
323 325
324 325
325 326
325 327
325 329
326 327
327 328
327 329
328 329
329 330
329 331
329 333
329 337
330 331
331 332
331 333
332 333
333 334
333 335
333 337
334 335
335 336
335 337
336 337
337 338
337 339
337 341
337 345
337 353
338 339
339 340
339 341
340 341
341 342
341 343
341 345
342 343
343 344
343 345
344 345
345 346
345 347
345 349
345 353
345 488
346 347
347 348
347 349
348 349
349 350
349 351
349 353
350 351
351 352
351 353
352 353
353 354
353 355
353 357
353 361
353 369
354 355
355 356
355 357
356 357
357 358
357 359
357 361
358 359
359 360
359 361
360 361
361 362
361 363
361 365
361 369
362 363
363 364
363 365
364 365
365 366
365 367
365 369
366 367
367 368
367 369
368 369
369 370
369 371
369 373
369 377
369 385
370 371
371 372
371 373
372 373
373 374
373 375
373 377
374 375
375 376
375 377
376 377
377 378
377 379
377 381
377 385
378 379
379 380
379 381
380 381
381 382
381 383
381 385
382 383
383 384
383 385
384 385
385 386
385 387
385 389
385 393
385 401
386 387
387 388
387 389
388 389
389 390
389 391
389 393
390 391
391 392
391 393
392 393
392 512
393 394
393 395
393 397
393 401
394 395
395 396
395 397
396 397
397 398
397 399
397 401
398 399
399 400
399 401
400 401
401 402
401 403
401 405
401 409
401 417
402 403
403 404
403 405
404 405
405 406
405 407
405 409
406 407
407 408
407 409
408 409
409 410
409 411
409 413
409 417
410 411
411 412
411 413
412 413
413 414
413 415
413 417
414 415
415 416
415 417
416 417
417 418
417 419
417 421
417 425
417 433
418 419
419 420
419 421
420 421
421 422
421 423
421 425
422 423
423 424
423 425
424 425
425 426
425 427
425 429
425 433
426 427
427 428
427 429
428 429
429 430
429 431
429 433
430 431
431 432
431 433
432 433
433 434
433 435
433 437
433 441
433 449
434 435
435 436
435 437
436 437
437 438
437 439
437 441
438 439
439 440
439 441
440 441
441 442
441 443
441 445
441 449
442 443
443 444
443 445
444 445
445 446
445 447
445 449
446 447
447 448
447 449
448 449
449 450
449 451
449 453
449 457
449 465
450 451
451 452
451 453
452 453
453 454
453 455
453 457
454 455
455 456
455 457
456 457
457 458
457 459
457 461
457 465
458 459
459 460
459 461
460 461
461 462
461 463
461 465
462 463
463 464
463 465
464 465
465 466
465 467
465 469
465 473
465 481
466 467
467 468
467 469
468 469
469 470
469 471
469 473
470 471
471 472
471 473
472 473
473 474
473 475
473 477
473 481
474 475
475 476
475 477
476 477
477 478
477 479
477 481
478 479
479 480
479 481
480 481
481 482
481 483
481 485
481 489
481 497
482 483
483 484
483 485
484 485
485 486
485 487
485 489
486 487
487 488
487 489
488 489
489 490
489 491
489 493
489 497
489 506
490 491
491 492
491 493
492 493
493 494
493 495
493 497
494 495
495 496
495 497
496 497
497 498
497 499
497 501
497 505
498 499
499 500
499 501
500 501
501 502
501 503
501 505
502 503
503 504
503 505
504 505
505 506
505 507
505 509
506 507
507 508
507 509
508 509
509 510
509 511
510 511
511 512
