# Connected undirected graph with 256 nodes. Nodes are labeled 1 through 256.
1 2
1 3
1 5
1 9
1 17
2 3
3 4
3 5
4 5
4 109
5 6
5 7
5 9
5 75
6 7
7 8
7 9
7 238
8 9
9 10
9 11
9 13
9 17
10 11
11 12
11 13
12 13
13 14
13 15
13 17
14 15
14 176
15 16
15 17
16 17
17 18
17 19
17 21
17 25
17 33
18 19
19 20
19 21
20 21
21 22
21 23
21 25
22 23
23 24
23 25
24 25
25 26
25 27
25 29
25 33
26 27
27 28
27 29
28 29
29 30
29 31
29 33
30 31
31 32
31 33
32 33
33 34
33 35
33 37
33 41
33 49
33 153
34 35
35 36
35 37
36 37
37 38
37 39
37 41
37 202
38 39
38 250
39 40
39 41
40 41
41 42
41 43
41 45
41 49
42 43
43 44
43 45
43 135
44 45
45 46
45 47
45 49
45 95
46 47
46 113
47 48
47 49
48 49
49 50
49 51
49 53
49 57
49 65
50 51
51 52
51 53
52 53
53 54
53 55
53 57
54 55
55 56
55 57
56 57
57 58
57 59
57 61
57 65
58 59
59 60
59 61
60 61
61 62
61 63
61 65
62 63
63 64
63 65
64 65
65 66
65 67
65 69
65 73
65 81
65 173
66 67
67 68
67 69
68 69
69 70
69 71
69 73
70 71
71 72
71 73
72 73
73 74
73 75
73 77
73 81
73 92
74 75
75 76
75 77
76 77
77 78
77 79
77 81
77 108
78 79
79 80
79 81
80 81
81 82
81 83
81 85
81 89
81 97
82 83
83 84
83 85
84 85
85 86
85 87
85 89
86 87
87 88
87 89
88 89
89 90
89 91
89 93
89 97
90 91
91 92
91 93
92 93
93 94
93 95
93 97
94 95
95 96
95 97
96 97
97 98
97 99
97 101
97 105
97 113
98 99
99 100
99 101
99 163
100 101
100 104
101 102
101 103
101 105
102 103
103 104
103 105
104 105
104 162
105 106
105 107
105 109
105 113
106 107
107 108
107 109
108 109
109 110
109 111
109 113
110 111
111 112
111 113
112 113
113 114
113 115
113 117
113 121
113 129
114 115
115 116
115 117
116 117
117 118
117 119
117 121
118 119
119 120
119 121
120 121
121 122
121 123
121 125
121 129
122 123
123 124
123 125
124 125
125 126
125 127
125 129
125 134
126 127
127 128
127 129
127 254
128 129
129 130
129 131
129 133
129 137
129 145
130 131
131 132
131 133
132 133
133 134
133 135
133 137
134 135
135 136
135 137
136 137
137 138
137 139
137 141
137 145
138 139
139 140
139 141
140 141
141 142
141 143
141 145
142 143
142 226
143 144
143 145
144 145
145 146
145 147
145 149
145 153
145 161
146 147
147 148
147 149
148 149
149 150
149 151
149 153
150 151
151 152
151 153
152 153
153 154
153 155
153 157
153 161
154 155
154 232
155 156
155 157
156 157
157 158
157 159
157 161
158 159
159 160
159 161
160 161
161 162
161 163
161 165
161 169
161 177
162 163
163 164
163 165
164 165
165 166
165 167
165 169
166 167
167 168
167 169
168 169
169 170
169 171
169 173
169 177
170 171
171 172
171 173
172 173
173 174
173 175
173 177
174 175
175 176
175 177
176 177
177 178
177 179
177 181
177 185
177 193
178 179
179 180
179 181
180 181
181 182
181 183
181 185
182 183
183 184
183 185
184 185
185 186
185 187
185 189
185 193
186 187
187 188
187 189
188 189
189 190
189 191
189 193
190 191
191 192
191 193
192 193
193 194
193 195
193 197
193 201
193 209
194 195
195 196
195 197
196 197
197 198
197 199
197 201
198 199
199 200
199 201
200 201
201 202
201 203
201 205
201 209
202 203
203 204
203 205
204 205
205 206
205 207
205 209
206 207
207 208
207 209
208 209
209 210
209 211
209 213
209 217
209 225
210 211
211 212
211 213
212 213
213 214
213 215
213 217
214 215
215 216
215 217
216 217
217 218
217 219
217 221
217 225
218 219
219 220
219 221
220 221
221 222
221 223
221 225
222 223
223 224
223 225
224 225
225 226
225 227
225 229
225 233
225 241
226 227
227 228
227 229
228 229
229 230
229 231
229 233
230 231
231 232
231 233
232 233
233 234
233 235
233 237
233 241
234 235
235 236
235 237
236 237
237 238
237 239
237 241
238 239
239 240
239 241
240 241
241 242
241 243
241 245
241 249
242 243
243 244
243 245
244 245
245 246
245 247
245 249
246 247
247 248
247 249
248 249
249 250
249 251
249 253
250 251
251 252
251 253
252 253
253 254
253 255
254 255
255 256
