# Connected undirected graph with 64 nodes. Nodes are labeled 1 through 64.
1 2
1 3
1 5
1 9
1 17
2 3
3 4
3 5
4 5
4 27
5 6
5 7
5 9
6 7
7 8
7 9
8 9
9 10
9 11
9 13
9 17
10 11
11 12
11 13
12 13
13 14
13 15
13 17
14 15
15 16
15 17
16 17
16 25
17 18
17 19
17 21
17 25
17 33
18 19
19 20
19 21
20 21
21 22
21 23
21 25
22 23
23 24
23 25
24 25
25 26
25 27
25 29
25 33
26 27
27 28
27 29
28 29
29 30
29 31
29 33
30 31
31 32
31 33
32 33
33 34
33 35
33 37
33 41
33 49
34 35
35 36
35 37
35 60
35 63
36 37
36 53
37 38
37 39
37 41
38 39
39 40
39 41
40 41
41 42
41 43
41 45
41 49
42 43
43 44
43 45
44 45
45 46
45 47
45 49
46 47
46 51
46 57
47 48
47 49
48 49
49 50
49 51
49 53
49 57
50 51
50 64
51 52
51 53
52 53
53 54
53 55
53 57
54 55
55 56
55 57
56 57
57 58
57 59
57 61
58 59
59 60
59 61
60 61
61 62
61 63
62 63
63 64
